# Sat 19:12:33 15-Jan-2011
begin	pix2mm.leg6
	xrefmean	1046.505
	yrefmean	1012.029
	xmean		0.4451433
	ymean		-3.111243
	geometry	general
	function	legendre
	xshift		-136.5555
	yshift		-134.4426
	xmag		0.1303628
	ymag		0.1303643
	xrotation	0.251505
	yrotation	0.2504871
	xrms		0.00717825
	yrms		0.006853716
	surface1	11
			2.	2.
			2.	2.
			2.	2.
			0.	0.
			1.	1.
			2048.	2048.
			1.	1.
			2048.	2048.
			-2.416223	-1.471897
			133.425	-0.5856848
			0.5833213	133.4266
	surface2	29
			2.	2.
			6.	6.
			6.	6.
			2.	2.
			1.	1.
			2048.	2048.
			1.	1.
			2048.	2048.
			0.003498529	-0.003727506
			-0.06530425	0.002051059
			0.01556571	-0.01062691
			-0.0960391	0.001949952
			0.001638743	-0.007536864
			-0.02500515	2.236700E-4
			0.004513468	-0.05500999
			0.005809142	-0.01517309
			0.009851789	-0.1823731
			-0.002926439	-0.01525797
			0.003825383	-0.03858562
			0.007147906	-0.01229704
			-0.2056505	0.003037688
			-0.006874399	-0.0268059
			-0.1106483	0.003455041
			0.005166013	-0.08517128
			0.007127808	-0.006306821
			0.01032781	-0.08453052
			-0.008096475	-0.003039004
			-0.06100831	0.005677641
			0.005406461	-0.02305744
