935.714 1970.250
1119.489 1955.000
1303.305 1939.758
1487.281 1924.636
1671.331 1909.599
368.695 1832.694
736.710 1801.551
920.441 1786.210
1104.214 1770.969
1287.891 1755.621
1655.503 1725.181
1839.772 1710.232
169.224 1664.155
353.631 1648.416
537.627 1633.040
721.437 1617.689
905.220 1602.378
1088.948 1587.078
1272.681 1571.826
1456.454 1556.521
1640.197 1541.356
1824.131 1526.139
154.339 1480.083
338.518 1464.602
522.518 1449.288
706.227 1434.005
889.890 1418.705
1073.696 1403.318
1257.432 1388.093
1441.120 1372.729
1624.896 1357.397
1808.725 1342.187
1992.896 1327.090
139.185 1296.151
323.309 1280.801
507.170 1265.469
690.926 1250.202
874.608 1234.981
1058.426 1219.699
1242.131 1204.335
1425.832 1189.052
1609.617 1173.833
1793.325 1158.426
1977.410 1143.193
123.951 1112.342
308.110 1097.097
491.864 1081.774
675.597 1066.491
859.383 1051.202
1043.157 1035.932
1226.847 1020.625
1410.555 1005.222
1594.273 990.008
1778.049 974.667
1962.056 959.314
108.608 928.657
292.661 913.355
476.540 898.103
660.366 882.832
844.069 867.442
1027.800 852.144
1211.568 836.856
1395.275 821.545
1579.001 806.256
1762.683 790.974
1946.775 775.531
93.209 744.852
277.407 729.531
461.272 714.286
645.076 699.088
828.755 683.711
1012.490 668.374
1196.232 653.153
1379.947 637.779
1563.670 622.490
1747.470 607.162
1931.630 591.724
261.935 545.748
445.889 530.598
629.707 515.289
813.455 500.013
997.185 484.669
1180.924 469.366
1364.599 454.106
1548.403 438.856
1732.338 423.255
1916.613 407.636
246.229 361.820
430.381 346.687
614.289 331.440
798.137 316.246
981.876 300.991
1165.644 285.574
1349.345 270.285
1533.189 254.824
1717.301 239.177
414.738 162.439
598.836 147.330
782.707 132.140
966.506 116.902
1150.303 101.523
1334.135 86.104
