        m110115_1035     935.570 (0.009)    1970.281 (0.010)     1
        m110115_1035    1119.392 (0.009)    1954.955 (0.010)     2
        m110115_1035    1303.244 (0.011)    1939.704 (0.010)     3
        m110115_1035    1487.183 (0.010)    1924.638 (0.009)     4
        m110115_1035    1671.254 (0.010)    1909.643 (0.010)     5
        m110115_1035     368.583 (0.012)    1832.560 (0.011)     6
        m110115_1035     736.566 (0.009)    1801.500 (0.009)     7
        m110115_1035     920.352 (0.009)    1786.224 (0.010)     8
        m110115_1035    1104.211 (0.014)    1770.853 (0.016)     9
        m110115_1035    1287.770 (0.010)    1755.528 (0.010)    10
        m110115_1035    1655.440 (0.014)    1725.312 (0.015)    11
        m110115_1035    1839.699 (0.010)    1710.349 (0.011)    12
        m110115_1035     169.193 (0.012)    1664.070 (0.014)    13
        m110115_1035     353.528 (0.011)    1648.362 (0.012)    14
        m110115_1035     537.521 (0.010)    1632.959 (0.011)    15
        m110115_1035     721.362 (0.009)    1617.630 (0.009)    16
        m110115_1035     905.140 (0.008)    1602.387 (0.009)    17
        m110115_1035    1088.789 (0.014)    1587.111 (0.016)    18
        m110115_1035    1272.587 (0.009)    1571.790 (0.009)    19
        m110115_1035    1456.412 (0.010)    1556.578 (0.009)    20
        m110115_1035    1640.134 (0.010)    1541.468 (0.011)    21
        m110115_1035    1824.076 (0.012)    1526.231 (0.013)    22
        m110115_1035     154.325 (0.012)    1480.026 (0.014)    23
        m110115_1035     338.445 (0.011)    1464.534 (0.011)    24
        m110115_1035     522.436 (0.014)    1449.282 (0.015)    25
        m110115_1035     706.190 (0.011)    1433.905 (0.011)    26
        m110115_1035     889.824 (0.009)    1418.631 (0.010)    27
        m110115_1035    1073.639 (0.009)    1403.358 (0.009)    28
        m110115_1035    1257.392 (0.010)    1388.116 (0.009)    29
        m110115_1035    1441.101 (0.012)    1372.642 (0.012)    30
        m110115_1035    1624.872 (0.009)    1357.486 (0.010)    31
        m110115_1035    1808.708 (0.010)    1342.328 (0.011)    32
        m110115_1035    1992.867 (0.011)    1327.194 (0.011)    33
        m110115_1035     139.173 (0.013)    1296.074 (0.013)    34
        m110115_1035     323.284 (0.011)    1280.698 (0.011)    35
        m110115_1035     507.138 (0.010)    1265.438 (0.011)    36
        m110115_1035     690.885 (0.009)    1250.196 (0.010)    37
        m110115_1035     874.572 (0.010)    1234.912 (0.009)    38
        m110115_1035    1058.398 (0.009)    1219.667 (0.009)    39
        m110115_1035    1242.111 (0.009)    1204.380 (0.010)    40
        m110115_1035    1425.774 (0.011)    1189.087 (0.012)    41
        m110115_1035    1609.621 (0.011)    1173.854 (0.010)    42
        m110115_1035    1793.329 (0.010)    1158.535 (0.011)    43
        m110115_1035    1977.414 (0.011)    1143.339 (0.011)    44
        m110115_1035     123.930 (0.013)    1112.287 (0.013)    45
        m110115_1035     308.102 (0.014)    1096.991 (0.012)    46
        m110115_1035     491.853 (0.011)    1081.676 (0.010)    47
        m110115_1035     675.557 (0.010)    1066.453 (0.010)    48
        m110115_1035     859.369 (0.010)    1051.209 (0.010)    49
        m110115_1035    1043.157 (0.010)    1035.876 (0.010)    50
        m110115_1035    1226.847 (0.009)    1020.604 (0.010)    51
        m110115_1035    1410.564 (0.010)    1005.310 (0.010)    52
        m110115_1035    1594.272 (0.010)     990.029 (0.009)    53
        m110115_1035    1778.057 (0.010)     974.726 (0.010)    54
        m110115_1035    1962.077 (0.011)     959.462 (0.011)    55
        m110115_1035     108.590 (0.013)     928.529 (0.012)    56
        m110115_1035     292.640 (0.012)     913.291 (0.010)    57
        m110115_1035     476.531 (0.011)     898.022 (0.009)    58
        m110115_1035     660.358 (0.010)     882.729 (0.009)    59
        m110115_1035     844.072 (0.009)     867.426 (0.009)    60
        m110115_1035    1027.770 (0.011)     852.160 (0.011)    61
        m110115_1035    1211.581 (0.009)     836.806 (0.009)    62
        m110115_1035    1395.294 (0.009)     821.574 (0.010)    63
        m110115_1035    1579.101 (0.008)     806.330 (0.010)    64
        m110115_1035    1762.727 (0.010)     791.014 (0.009)    65
        m110115_1035    1946.822 (0.010)     775.626 (0.010)    66
        m110115_1035      93.262 (0.012)     744.683 (0.012)    67
        m110115_1035     277.429 (0.011)     729.420 (0.010)    68
        m110115_1035     461.303 (0.010)     714.232 (0.009)    69
        m110115_1035     645.148 (0.012)     699.011 (0.012)    70
        m110115_1035     828.791 (0.009)     683.634 (0.009)    71
        m110115_1035    1012.531 (0.009)     668.395 (0.009)    72
        m110115_1035    1196.413 (0.012)     653.241 (0.012)    73
        m110115_1035    1379.997 (0.014)     637.569 (0.014)    74
        m110115_1035    1563.734 (0.009)     622.545 (0.010)    75
        m110115_1035    1747.542 (0.010)     607.260 (0.009)    76
        m110115_1035    1931.690 (0.010)     591.805 (0.010)    77
        m110115_1035     261.992 (0.013)     545.600 (0.012)    78
        m110115_1035     445.940 (0.011)     530.489 (0.010)    79
        m110115_1035     629.736 (0.010)     515.262 (0.009)    80
        m110115_1035     813.490 (0.009)     499.950 (0.008)    81
        m110115_1035     997.269 (0.009)     484.569 (0.009)    82
        m110115_1035    1180.990 (0.011)     469.542 (0.010)    83
        m110115_1035    1364.865 (0.024)     454.427 (0.015)    84
        m110115_1035    1548.483 (0.010)     438.864 (0.009)    85
        m110115_1035    1732.444 (0.009)     423.366 (0.009)    86
        m110115_1035    1916.697 (0.010)     407.711 (0.010)    87
        m110115_1035     246.317 (0.011)     361.686 (0.011)    88
        m110115_1035     430.428 (0.010)     346.580 (0.010)    89
        m110115_1035     614.352 (0.009)     331.401 (0.009)    90
        m110115_1035     798.303 (0.011)     316.375 (0.012)    91
        m110115_1035     981.910 (0.018)     300.876 (0.019)    92
        m110115_1035    1165.711 (0.008)     285.553 (0.009)    93
        m110115_1035    1349.456 (0.008)     270.363 (0.008)    94
        m110115_1035    1533.308 (0.009)     254.825 (0.009)    95
        m110115_1035    1717.431 (0.009)     239.281 (0.010)    96
        m110115_1035     414.802 (0.011)     162.392 (0.010)    97
        m110115_1035     598.905 (0.010)     147.337 (0.009)    98
        m110115_1035     782.718 (0.011)     132.176 (0.011)    99
        m110115_1035     966.546 (0.009)     116.827 (0.010)   100
        m110115_1035    1150.438 (0.008)     101.530 (0.008)   101
        m110115_1035    1334.374 (0.011)      86.188 (0.012)   102
