# Sat 18:58:19 15-Jan-2011
begin	pix2mm.leg6
	xrefmean	1046.505
	yrefmean	1012.029
	xmean		0.4451433
	ymean		-3.111243
	geometry	general
	function	legendre
	xshift		-136.5555
	yshift		-134.4424
	xmag		0.1303628
	ymag		0.1303642
	xrotation	0.2515461
	yrotation	0.2504898
	xrms		0.007098882
	yrms		0.006827835
	surface1	11
			2.	2.
			2.	2.
			2.	2.
			0.	0.
			1.	1.
			2048.	2048.
			1.	1.
			2048.	2048.
			-2.416211	-1.47181
			133.425	-0.5857807
			0.5833274	133.4265
	surface2	29
			2.	2.
			6.	6.
			6.	6.
			2.	2.
			1.	1.
			2048.	2048.
			1.	1.
			2048.	2048.
			0.003506011	-0.003652089
			-0.06527517	0.001991123
			0.01554829	-0.01045149
			-0.09581687	0.00186714
			0.001564159	-0.007501799
			-0.0249399	-1.976604E-5
			0.004499075	-0.05525272
			0.005715895	-0.01513232
			0.009831255	-0.1830781
			-0.00281819	-0.01492186
			0.003645744	-0.03876574
			0.007207719	-0.0119719
			-0.2056927	0.003025875
			-0.006836809	-0.02634844
			-0.1103915	0.003363666
			0.005050442	-0.08532155
			0.006990307	-0.006934618
			0.009936016	-0.08534246
			-0.008170127	-0.002826727
			-0.06136372	0.005531317
			0.005489574	-0.02298602
