  1.907500   0.000008
  1.907000   0.000005
  1.906500   0.000006
  1.906000   0.000006
  1.905500   0.000011
  1.905000   0.000016
  1.904500   0.000019
  1.904000   0.000016
  1.903500   0.000014
  1.903000   0.000027
  1.902500   0.000017
  1.902000   0.000026
  1.901500   0.000019
  1.901000   0.000011
  1.900500   0.000023
  1.900000   0.000019
  1.899500   0.000022
  1.899000   0.000015
  1.898500   0.000021
  1.898000   0.000027
  1.897500   0.000020
  1.897000   0.000018
  1.896500   0.000030
  1.896000   0.000016
  1.895500   0.000037
  1.895000   0.000037
  1.894500   0.000029
  1.894000   0.000034
  1.893500   0.000043
  1.893000   0.000030
  1.892500   0.000037
  1.892000   0.000031
  1.891500   0.000041
  1.891000   0.000043
  1.890500   0.000034
  1.890000   0.000040
  1.889500   0.000062
  1.889000   0.000050
  1.888500   0.000042
  1.888000   0.000050
  1.887500   0.000053
  1.887000   0.000045
  1.886500   0.000040
  1.886000   0.000052
  1.885500   0.000061
  1.885000   0.000058
  1.884500   0.000057
  1.884000   0.000051
  1.883500   0.000060
  1.883000   0.000062
  1.882500   0.000066
  1.882000   0.000065
  1.881500   0.000065
  1.881000   0.000066
  1.880500   0.000086
  1.880000   0.000064
  1.879500   0.000087
  1.879000   0.000089
  1.878500   0.000089
  1.878000   0.000085
  1.877500   0.000077
  1.877000   0.000110
  1.876500   0.000087
  1.876000   0.000114
  1.875500   0.000097
  1.875000   0.000113
  1.874500   0.000119
  1.874000   0.000128
  1.873500   0.000130
  1.873000   0.000135
  1.872500   0.000132
  1.872000   0.000144
  1.871500   0.000138
  1.871000   0.000154
  1.870500   0.000169
  1.870000   0.000176
  1.869500   0.000171
  1.869000   0.000169
  1.868500   0.000173
  1.868000   0.000193
  1.867500   0.000213
  1.867000   0.000218
  1.866500   0.000223
  1.866000   0.000247
  1.865500   0.000238
  1.865000   0.000235
  1.864500   0.000250
  1.864000   0.000267
  1.863500   0.000278
  1.863000   0.000287
  1.862500   0.000302
  1.862000   0.000311
  1.861500   0.000330
  1.861000   0.000340
  1.860500   0.000342
  1.860000   0.000371
  1.859500   0.000379
  1.859000   0.000409
  1.858500   0.000423
  1.858000   0.000433
  1.857500   0.000442
  1.857000   0.000472
  1.856500   0.000504
  1.856000   0.000527
  1.855500   0.000539
  1.855000   0.000551
  1.854500   0.000582
  1.854000   0.000611
  1.853500   0.000616
  1.853000   0.000663
  1.852500   0.000703
  1.852000   0.000735
  1.851500   0.000780
  1.851000   0.000818
  1.850500   0.000846
  1.850000   0.000882
  1.849500   0.000935
  1.849000   0.000968
  1.848500   0.001019
  1.848000   0.001076
  1.847500   0.001122
  1.847000   0.001159
  1.846500   0.001223
  1.846000   0.001293
  1.845500   0.001369
  1.845000   0.001448
  1.844500   0.001520
  1.844000   0.001597
  1.843500   0.001703
  1.843000   0.001791
  1.842500   0.001869
  1.842000   0.001941
  1.841500   0.002043
  1.841000   0.002134
  1.840500   0.002255
  1.840000   0.002380
  1.839500   0.002525
  1.839000   0.002659
  1.838500   0.002817
  1.838000   0.002986
  1.837500   0.003146
  1.837000   0.003325
  1.836500   0.003499
  1.836000   0.003691
  1.835500   0.003883
  1.835000   0.004097
  1.834500   0.004354
  1.834000   0.004640
  1.833500   0.004930
  1.833000   0.005272
  1.832500   0.005576
  1.832000   0.005917
  1.831500   0.006290
  1.831000   0.006661
  1.830500   0.007036
  1.830000   0.007481
  1.829500   0.007921
  1.829000   0.008441
  1.828500   0.008993
  1.828000   0.009584
  1.827500   0.010218
  1.827000   0.010927
  1.826500   0.011658
  1.826000   0.012368
  1.825500   0.013131
  1.825000   0.013976
  1.824500   0.014918
  1.824000   0.015956
  1.823500   0.017145
  1.823000   0.018372
  1.822500   0.019600
  1.822000   0.020948
  1.821500   0.022220
  1.821000   0.023618
  1.820500   0.025134
  1.820000   0.026774
  1.819500   0.028594
  1.819000   0.030673
  1.818500   0.032877
  1.818000   0.035188
  1.817500   0.037892
  1.817000   0.040460
  1.816500   0.043133
  1.816000   0.045999
  1.815500   0.048906
  1.815000   0.051915
  1.814500   0.055231
  1.814000   0.058978
  1.813500   0.062749
  1.813000   0.066902
  1.812500   0.071267
  1.812000   0.075484
  1.811500   0.080243
  1.811000   0.084985
  1.810500   0.090004
  1.810000   0.095533
  1.809500   0.101043
  1.809000   0.106820
  1.808500   0.112529
  1.808000   0.118675
  1.807500   0.124767
  1.807000   0.130909
  1.806500   0.136917
  1.806000   0.142926
  1.805500   0.149093
  1.805000   0.155297
  1.804500   0.161441
  1.804000   0.167479
  1.803500   0.173824
  1.803000   0.179833
  1.802500   0.185595
  1.802000   0.191602
  1.801500   0.197014
  1.801000   0.202257
  1.800500   0.207499
  1.800000   0.212617
  1.799500   0.217712
  1.799000   0.222437
  1.798500   0.227313
  1.798000   0.231498
  1.797500   0.235404
  1.797000   0.239412
  1.796500   0.243075
  1.796000   0.246545
  1.795500   0.249701
  1.795000   0.252694
  1.794500   0.255435
  1.794000   0.258124
  1.793500   0.260535
  1.793000   0.262778
  1.792500   0.264827
  1.792000   0.266637
  1.791500   0.268405
  1.791000   0.269986
  1.790500   0.271491
  1.790000   0.272852
  1.789500   0.274066
  1.789000   0.275225
  1.788500   0.276174
  1.788000   0.277183
  1.787500   0.278086
  1.787000   0.278847
  1.786500   0.279605
  1.786000   0.280187
  1.785500   0.280812
  1.785000   0.281438
  1.784500   0.281903
  1.784000   0.282466
  1.783500   0.282876
  1.783000   0.283258
  1.782500   0.283688
  1.782000   0.284121
  1.781500   0.284485
  1.781000   0.284839
  1.780500   0.285201
  1.780000   0.285571
  1.779500   0.285933
  1.779000   0.286255
  1.778500   0.286588
  1.778000   0.286965
  1.777500   0.287273
  1.777000   0.287645
  1.776500   0.287998
  1.776000   0.288407
  1.775500   0.288778
  1.775000   0.289194
  1.774500   0.289571
  1.774000   0.289972
  1.773500   0.290428
  1.773000   0.290902
  1.772500   0.291318
  1.772000   0.291773
  1.771500   0.292281
  1.771000   0.292738
  1.770500   0.293225
  1.770000   0.293795
  1.769500   0.294265
  1.769000   0.294844
  1.768500   0.295364
  1.768000   0.295915
  1.767500   0.296443
  1.767000   0.296999
  1.766500   0.297640
  1.766000   0.298177
  1.765500   0.298815
  1.765000   0.299468
  1.764500   0.300046
  1.764000   0.300741
  1.763500   0.301343
  1.763000   0.302031
  1.762500   0.302689
  1.762000   0.303366
  1.761500   0.304055
  1.761000   0.304682
  1.760500   0.305411
  1.760000   0.306090
  1.759500   0.306798
  1.759000   0.307533
  1.758500   0.308200
  1.758000   0.308860
  1.757500   0.309527
  1.757000   0.310261
  1.756500   0.310978
  1.756000   0.311675
  1.755500   0.312383
  1.755000   0.313103
  1.754500   0.313842
  1.754000   0.314528
  1.753500   0.315163
  1.753000   0.315903
  1.752500   0.316628
  1.752000   0.317292
  1.751500   0.317967
  1.751000   0.318667
  1.750500   0.319306
  1.750000   0.320001
  1.749500   0.320676
  1.749000   0.321366
  1.748500   0.322019
  1.748000   0.322674
  1.747500   0.323336
  1.747000   0.323991
  1.746500   0.324594
  1.746000   0.325258
  1.745500   0.325895
  1.745000   0.326492
  1.744500   0.327200
  1.744000   0.327812
  1.743500   0.328389
  1.743000   0.329008
  1.742500   0.329598
  1.742000   0.330217
  1.741500   0.330868
  1.741000   0.331407
  1.740500   0.332016
  1.740000   0.332551
  1.739500   0.333182
  1.739000   0.333738
  1.738500   0.334339
  1.738000   0.334858
  1.737500   0.335456
  1.737000   0.336022
  1.736500   0.336613
  1.736000   0.337170
  1.735500   0.337698
  1.735000   0.338189
  1.734500   0.338687
  1.734000   0.339294
  1.733500   0.339925
  1.733000   0.340482
  1.732500   0.341121
  1.732000   0.341585
  1.731500   0.342141
  1.731000   0.342693
  1.730500   0.343262
  1.730000   0.343906
  1.729500   0.344478
  1.729000   0.344986
  1.728500   0.345594
  1.728000   0.346231
  1.727500   0.346850
  1.727000   0.347439
  1.726500   0.348072
  1.726000   0.348670
  1.725500   0.349294
  1.725000   0.349897
  1.724500   0.350548
  1.724000   0.351164
  1.723500   0.351841
  1.723000   0.352478
  1.722500   0.353215
  1.722000   0.353805
  1.721500   0.354460
  1.721000   0.355119
  1.720500   0.355864
  1.720000   0.356490
  1.719500   0.357177
  1.719000   0.357852
  1.718500   0.358510
  1.718000   0.359283
  1.717500   0.359934
  1.717000   0.360650
  1.716500   0.361277
  1.716000   0.362043
  1.715500   0.362728
  1.715000   0.363397
  1.714500   0.364053
  1.714000   0.364758
  1.713500   0.365459
  1.713000   0.366068
  1.712500   0.366798
  1.712000   0.367431
  1.711500   0.368091
  1.711000   0.368673
  1.710500   0.369340
  1.710000   0.369995
  1.709500   0.370591
  1.709000   0.371222
  1.708500   0.371827
  1.708000   0.372406
  1.707500   0.373042
  1.707000   0.373586
  1.706500   0.374169
  1.706000   0.374705
  1.705500   0.375234
  1.705000   0.375823
  1.704500   0.376316
  1.704000   0.376786
  1.703500   0.377347
  1.703000   0.377809
  1.702500   0.378297
  1.702000   0.378750
  1.701500   0.379208
  1.701000   0.379704
  1.700500   0.380121
  1.700000   0.380512
  1.699500   0.380892
  1.699000   0.381251
  1.698500   0.381653
  1.698000   0.382112
  1.697500   0.382401
  1.697000   0.382800
  1.696500   0.383144
  1.696000   0.383580
  1.695500   0.383900
  1.695000   0.384259
  1.694500   0.384546
  1.694000   0.384880
  1.693500   0.385225
  1.693000   0.385553
  1.692500   0.385838
  1.692000   0.386154
  1.691500   0.386581
  1.691000   0.386872
  1.690500   0.387138
  1.690000   0.387510
  1.689500   0.387828
  1.689000   0.388171
  1.688500   0.388470
  1.688000   0.388823
  1.687500   0.389118
  1.687000   0.389468
  1.686500   0.389813
  1.686000   0.390164
  1.685500   0.390507
  1.685000   0.390926
  1.684500   0.391195
  1.684000   0.391554
  1.683500   0.391935
  1.683000   0.392303
  1.682500   0.392618
  1.682000   0.393044
  1.681500   0.393425
  1.681000   0.393769
  1.680500   0.394147
  1.680000   0.394566
  1.679500   0.394959
  1.679000   0.395288
  1.678500   0.395610
  1.678000   0.396046
  1.677500   0.396370
  1.677000   0.396838
  1.676500   0.397195
  1.676000   0.397551
  1.675500   0.398033
  1.675000   0.398393
  1.674500   0.398766
  1.674000   0.399181
  1.673500   0.399553
  1.673000   0.399953
  1.672500   0.400270
  1.672000   0.400692
  1.671500   0.401060
  1.671000   0.401443
  1.670500   0.401822
  1.670000   0.402219
  1.669500   0.402567
  1.669000   0.402906
  1.668500   0.403303
  1.668000   0.403646
  1.667500   0.404029
  1.667000   0.404355
  1.666500   0.404772
  1.666000   0.405117
  1.665500   0.405492
  1.665000   0.405826
  1.664500   0.406304
  1.664000   0.406661
  1.663500   0.406979
  1.663000   0.407352
  1.662500   0.407662
  1.662000   0.408151
  1.661500   0.408467
  1.661000   0.408780
  1.660500   0.409238
  1.660000   0.409649
  1.659500   0.410036
  1.659000   0.410402
  1.658500   0.410773
  1.658000   0.411197
  1.657500   0.411619
  1.657000   0.412009
  1.656500   0.412524
  1.656000   0.412983
  1.655500   0.413442
  1.655000   0.413915
  1.654500   0.414295
  1.654000   0.414849
  1.653500   0.415311
  1.653000   0.415692
  1.652500   0.416196
  1.652000   0.416696
  1.651500   0.417220
  1.651000   0.417744
  1.650500   0.418203
  1.650000   0.418688
  1.649500   0.419268
  1.649000   0.419851
  1.648500   0.420273
  1.648000   0.420860
  1.647500   0.421473
  1.647000   0.421817
  1.646500   0.422419
  1.646000   0.422971
  1.645500   0.423514
  1.645000   0.424097
  1.644500   0.424576
  1.644000   0.425106
  1.643500   0.425712
  1.643000   0.426103
  1.642500   0.426594
  1.642000   0.427115
  1.641500   0.427574
  1.641000   0.428117
  1.640500   0.428514
  1.640000   0.428950
  1.639500   0.429391
  1.639000   0.429760
  1.638500   0.430153
  1.638000   0.430405
  1.637500   0.430839
  1.637000   0.431087
  1.636500   0.431386
  1.636000   0.431738
  1.635500   0.432029
  1.635000   0.432179
  1.634500   0.432406
  1.634000   0.432525
  1.633500   0.432735
  1.633000   0.432858
  1.632500   0.432975
  1.632000   0.433062
  1.631500   0.433067
  1.631000   0.433100
  1.630500   0.433182
  1.630000   0.433142
  1.629500   0.433126
  1.629000   0.433142
  1.628500   0.433096
  1.628000   0.433041
  1.627500   0.432863
  1.627000   0.432761
  1.626500   0.432650
  1.626000   0.432518
  1.625500   0.432383
  1.625000   0.432237
  1.624500   0.432127
  1.624000   0.431889
  1.623500   0.431746
  1.623000   0.431601
  1.622500   0.431395
  1.622000   0.431166
  1.621500   0.430950
  1.621000   0.430755
  1.620500   0.430622
  1.620000   0.430387
  1.619500   0.430275
  1.619000   0.430028
  1.618500   0.429905
  1.618000   0.429749
  1.617500   0.429602
  1.617000   0.429452
  1.616500   0.429343
  1.616000   0.429247
  1.615500   0.429106
  1.615000   0.428979
  1.614500   0.428895
  1.614000   0.428833
  1.613500   0.428700
  1.613000   0.428746
  1.612500   0.428702
  1.612000   0.428553
  1.611500   0.428555
  1.611000   0.428507
  1.610500   0.428484
  1.610000   0.428512
  1.609500   0.428503
  1.609000   0.428520
  1.608500   0.428527
  1.608000   0.428525
  1.607500   0.428511
  1.607000   0.428495
  1.606500   0.428559
  1.606000   0.428530
  1.605500   0.428548
  1.605000   0.428571
  1.604500   0.428606
  1.604000   0.428574
  1.603500   0.428668
  1.603000   0.428580
  1.602500   0.428623
  1.602000   0.428585
  1.601500   0.428499
  1.601000   0.428516
  1.600500   0.428478
  1.600000   0.428387
  1.599500   0.428346
  1.599000   0.428251
  1.598500   0.428147
  1.598000   0.428131
  1.597500   0.428041
  1.597000   0.427831
  1.596500   0.427738
  1.596000   0.427449
  1.595500   0.427387
  1.595000   0.427279
  1.594500   0.427031
  1.594000   0.426864
  1.593500   0.426592
  1.593000   0.426387
  1.592500   0.426099
  1.592000   0.425894
  1.591500   0.425557
  1.591000   0.425335
  1.590500   0.425048
  1.590000   0.424717
  1.589500   0.424430
  1.589000   0.424094
  1.588500   0.423811
  1.588000   0.423481
  1.587500   0.423199
  1.587000   0.422840
  1.586500   0.422438
  1.586000   0.422118
  1.585500   0.421682
  1.585000   0.421332
  1.584500   0.421021
  1.584000   0.420679
  1.583500   0.420363
  1.583000   0.419881
  1.582500   0.419524
  1.582000   0.419159
  1.581500   0.418714
  1.581000   0.418300
  1.580500   0.417925
  1.580000   0.417530
  1.579500   0.417029
  1.579000   0.416733
  1.578500   0.416259
  1.578000   0.415852
  1.577500   0.415436
  1.577000   0.415082
  1.576500   0.414619
  1.576000   0.414122
  1.575500   0.413663
  1.575000   0.413211
  1.574500   0.412760
  1.574000   0.412218
  1.573500   0.411864
  1.573000   0.411370
  1.572500   0.410876
  1.572000   0.410420
  1.571500   0.409942
  1.571000   0.409501
  1.570500   0.408944
  1.570000   0.408443
  1.569500   0.407894
  1.569000   0.407544
  1.568500   0.407015
  1.568000   0.406534
  1.567500   0.406068
  1.567000   0.405556
  1.566500   0.405090
  1.566000   0.404646
  1.565500   0.404100
  1.565000   0.403675
  1.564500   0.403210
  1.564000   0.402704
  1.563500   0.402353
  1.563000   0.401949
  1.562500   0.401462
  1.562000   0.401040
  1.561500   0.400662
  1.561000   0.400318
  1.560500   0.399890
  1.560000   0.399452
  1.559500   0.399263
  1.559000   0.398949
  1.558500   0.398638
  1.558000   0.398338
  1.557500   0.397996
  1.557000   0.397781
  1.556500   0.397627
  1.556000   0.397300
  1.555500   0.397160
  1.555000   0.396887
  1.554500   0.396821
  1.554000   0.396607
  1.553500   0.396576
  1.553000   0.396393
  1.552500   0.396318
  1.552000   0.396215
  1.551500   0.396170
  1.551000   0.396051
  1.550500   0.396005
  1.550000   0.396025
  1.549500   0.395933
  1.549000   0.395878
  1.548500   0.395893
  1.548000   0.395840
  1.547500   0.395802
  1.547000   0.395771
  1.546500   0.395657
  1.546000   0.395621
  1.545500   0.395546
  1.545000   0.395458
  1.544500   0.395365
  1.544000   0.395184
  1.543500   0.395101
  1.543000   0.394907
  1.542500   0.394760
  1.542000   0.394639
  1.541500   0.394413
  1.541000   0.394163
  1.540500   0.393916
  1.540000   0.393739
  1.539500   0.393496
  1.539000   0.393168
  1.538500   0.392827
  1.538000   0.392521
  1.537500   0.392227
  1.537000   0.391775
  1.536500   0.391466
  1.536000   0.391028
  1.535500   0.390629
  1.535000   0.390193
  1.534500   0.389681
  1.534000   0.389185
  1.533500   0.388742
  1.533000   0.388292
  1.532500   0.387798
  1.532000   0.387281
  1.531500   0.386777
  1.531000   0.386296
  1.530500   0.385776
  1.530000   0.385337
  1.529500   0.384894
  1.529000   0.384377
  1.528500   0.383936
  1.528000   0.383461
  1.527500   0.383076
  1.527000   0.382637
  1.526500   0.382318
  1.526000   0.381937
  1.525500   0.381655
  1.525000   0.381288
  1.524500   0.381053
  1.524000   0.380736
  1.523500   0.380589
  1.523000   0.380349
  1.522500   0.380204
  1.522000   0.380058
  1.521500   0.379969
  1.521000   0.379971
  1.520500   0.379840
  1.520000   0.379814
  1.519500   0.379769
  1.519000   0.379844
  1.518500   0.379827
  1.518000   0.379922
  1.517500   0.379962
  1.517000   0.380041
  1.516500   0.380066
  1.516000   0.380181
  1.515500   0.380300
  1.515000   0.380311
  1.514500   0.380388
  1.514000   0.380485
  1.513500   0.380434
  1.513000   0.380522
  1.512500   0.380648
  1.512000   0.380643
  1.511500   0.380671
  1.511000   0.380607
  1.510500   0.380604
  1.510000   0.380513
  1.509500   0.380409
  1.509000   0.380388
  1.508500   0.380159
  1.508000   0.380008
  1.507500   0.379774
  1.507000   0.379498
  1.506500   0.379195
  1.506000   0.378835
  1.505500   0.378492
  1.505000   0.378034
  1.504500   0.377544
  1.504000   0.377053
  1.503500   0.376608
  1.503000   0.375967
  1.502500   0.375360
  1.502000   0.374716
  1.501500   0.374119
  1.501000   0.373379
  1.500500   0.372604
  1.500000   0.371860
  1.499500   0.371105
  1.499000   0.370243
  1.498500   0.369322
  1.498000   0.368463
  1.497500   0.367486
  1.497000   0.366576
  1.496500   0.365519
  1.496000   0.364451
  1.495500   0.363402
  1.495000   0.362318
  1.494500   0.361167
  1.494000   0.359932
  1.493500   0.358727
  1.493000   0.357394
  1.492500   0.356138
  1.492000   0.354785
  1.491500   0.353477
  1.491000   0.352114
  1.490500   0.350773
  1.490000   0.349321
  1.489500   0.347834
  1.489000   0.346421
  1.488500   0.344879
  1.488000   0.343327
  1.487500   0.341910
  1.487000   0.340348
  1.486500   0.338913
  1.486000   0.337428
  1.485500   0.336002
  1.485000   0.334550
  1.484500   0.333305
  1.484000   0.331970
  1.483500   0.330679
  1.483000   0.329481
  1.482500   0.328395
  1.482000   0.327309
  1.481500   0.326350
  1.481000   0.325407
  1.480500   0.324469
  1.480000   0.323604
  1.479500   0.322705
  1.479000   0.321877
  1.478500   0.321011
  1.478000   0.320090
  1.477500   0.319024
  1.477000   0.317862
  1.476500   0.316564
  1.476000   0.315021
  1.475500   0.313088
  1.475000   0.310927
  1.474500   0.308224
  1.474000   0.305110
  1.473500   0.301561
  1.473000   0.297386
  1.472500   0.292373
  1.472000   0.286995
  1.471500   0.280512
  1.471000   0.273482
  1.470500   0.265876
  1.470000   0.257558
  1.469500   0.248500
  1.469000   0.238967
  1.468500   0.229074
  1.468000   0.218273
  1.467500   0.207688
  1.467000   0.197203
  1.466500   0.186495
  1.466000   0.175982
  1.465500   0.165726
  1.465000   0.154856
  1.464500   0.144187
  1.464000   0.134518
  1.463500   0.125363
  1.463000   0.116605
  1.462500   0.108565
  1.462000   0.100757
  1.461500   0.093725
  1.461000   0.087243
  1.460500   0.081292
  1.460000   0.075476
  1.459500   0.070164
  1.459000   0.065449
  1.458500   0.060611
  1.458000   0.056394
  1.457500   0.052649
  1.457000   0.049148
  1.456500   0.045793
  1.456000   0.042664
  1.455500   0.039793
  1.455000   0.037047
  1.454500   0.034564
  1.454000   0.032316
  1.453500   0.030063
  1.453000   0.028013
  1.452500   0.026076
  1.452000   0.024283
  1.451500   0.022528
  1.451000   0.021056
  1.450500   0.019583
  1.450000   0.018146
  1.449500   0.016858
  1.449000   0.015591
  1.448500   0.014437
  1.448000   0.013346
  1.447500   0.012359
  1.447000   0.011419
  1.446500   0.010522
  1.446000   0.009696
  1.445500   0.008926
  1.445000   0.008245
  1.444500   0.007582
  1.444000   0.006960
  1.443500   0.006407
  1.443000   0.005866
  1.442500   0.005363
  1.442000   0.004936
  1.441500   0.004537
  1.441000   0.004151
  1.440500   0.003831
  1.440000   0.003533
  1.439500   0.003223
  1.439000   0.002945
  1.438500   0.002711
  1.438000   0.002520
  1.437500   0.002302
  1.437000   0.002102
  1.436500   0.001939
  1.436000   0.001787
  1.435500   0.001659
  1.435000   0.001513
  1.434500   0.001424
  1.434000   0.001339
  1.433500   0.001205
  1.433000   0.001131
  1.432500   0.001070
  1.432000   0.000968
  1.431500   0.000916
  1.431000   0.000859
  1.430500   0.000814
  1.430000   0.000763
  1.429500   0.000727
  1.429000   0.000664
  1.428500   0.000607
  1.428000   0.000584
  1.427500   0.000544
  1.427000   0.000493
  1.426500   0.000479
  1.426000   0.000463
  1.425500   0.000437
  1.425000   0.000418
  1.424500   0.000385
  1.424000   0.000369
  1.423500   0.000361
  1.423000   0.000316
  1.422500   0.000321
  1.422000   0.000297
  1.421500   0.000271
  1.421000   0.000263
  1.420500   0.000257
  1.420000   0.000251
  1.419500   0.000228
  1.419000   0.000228
  1.418500   0.000219
  1.418000   0.000219
  1.417500   0.000205
  1.417000   0.000206
  1.416500   0.000179
  1.416000   0.000176
  1.415500   0.000174
  1.415000   0.000169
  1.414500   0.000157
  1.414000   0.000112
  1.413500   0.000116
  1.413000   0.000145
  1.412500   0.000130
  1.412000   0.000126
  1.411500   0.000095
  1.411000   0.000113
  1.410500   0.000090
  1.410000   0.000093
  1.409500   0.000086
  1.409000   0.000102
  1.408500   0.000072
  1.408000   0.000072
  1.407500   0.000089
  1.407000   0.000057
  1.406500   0.000068
  1.406000   0.000063
  1.405500   0.000037
  1.405000   0.000047
  1.404500   0.000043
  1.404000   0.000036
  1.403500   0.000057
  1.403000   0.000057
  1.402500   0.000031
  1.402000   0.000045
  1.401500   0.000043
  1.401000   0.000019
  1.400500   0.000016
  1.400000   0.000035
  1.399500   0.000022
  1.399000   0.000025
  1.398500   0.000024
  1.398000   0.000020
  1.397500   0.000017
  1.397000   0.000028
  1.396500   0.000022
  1.396000   0.000010
  1.395500  -0.000004
  1.395000  -0.000001
  1.394500   0.000018
  1.394000   0.000009
  1.393500   0.000024
  1.393000   0.000008
  1.392500   0.000016
  1.392000   0.000013
  1.391500   0.000023
  1.391000   0.000019
  1.390500   0.000014
  1.390000   0.000013
  1.389500   0.000002
  1.389000   0.000002
  1.388500   0.000003
  1.388000   0.000012
  1.387500  -0.000000
  1.387000   0.000016
  1.386500   0.000007
  1.386000   0.000016
  1.385500  -0.000012
  1.385000   0.000004
  1.384500   0.000010
  1.384000   0.000018
  1.383500   0.000004
  1.383000   0.000008
  1.382500  -0.000013
  1.382000  -0.000000
  1.381500  -0.000003
  1.381000  -0.000008
  1.380500   0.000003
  1.380000   0.000003
  1.379500  -0.000010
  1.379000  -0.000005
  1.378500   0.000021
  1.378000   0.000005
  1.377500  -0.000007
  1.377000   0.000010
  1.376500  -0.000004
  1.376000   0.000024
  1.375500   0.000001
  1.375000   0.000007
  1.374500   0.000005
  1.374000  -0.000000
  1.373500  -0.000004
  1.373000  -0.000007
  1.372500  -0.000005
  1.372000   0.000005
  1.371500   0.000003
  1.371000   0.000001
  1.370500   0.000003
  1.370000  -0.000001
  1.369500   0.000006
  1.369000   0.000008
  1.368500   0.000007
  1.368000   0.000001
  1.367500   0.000001
  1.367000  -0.000002
  1.366500   0.000015
  1.366000  -0.000003
  1.365500  -0.000005
  1.365000  -0.000015
  1.364500  -0.000000
  1.364000   0.000005
  1.363500   0.000006
  1.363000   0.000005
  1.362500   0.000001
  1.362000   0.000009
  1.361500   0.000011
  1.361000   0.000008
  1.360500   0.000001
  1.360000  -0.000005
  1.359500  -0.000009
  1.359000  -0.000004
  1.358500   0.000011
  1.358000   0.000002
  1.357500  -0.000003
