	         15.08 14654.3505   14654.35   4.0 1 1 ArI	4         --   Blended at LR
	         69.14  14743.177   14743.17   4.0 1 1 ArI	4       1700
	        256.73 15050.5595   15050.62   4.0 1 1 ArI	4      28600
	        334.05 15176.9002   15176.84   4.0 1 1 ArI	4       6320
	        413.27 15306.1631   15306.07   4.0 1 1 ArI	4       7720
	        430.03 15333.4921   15333.54   4.0 1 1 ArI	4       4800
	        475.00 15406.7857   15406.85   4.0 1 1 ArI	4       1570
	        780.84 15904.0318   15904.03   4.0 1 1 ArI	4       2500
	        836.23 15993.9173   15993.86   4.0 1 1 ArI	4       8700
	        953.66 16184.3709   16184.44   4.0 1 1 ArI	4       1600
	       1112.04 16441.0776   16441.07   4.0 1 1 ArI	4       3140
	       1163.45 16524.3709   16524.38   4.0 1 1 ArI	4      10400
	       1299.44 16744.7333   16744.65   4.0 1 1 ArI	4       3450
	       1423.07 16945.1363   16945.21   4.0 1 1 ArI	4      16945
	       1733.91 17449.6869   17449.67   4.0 1 1 ArI	4       4900
	       2022.42 17919.6069   17919.61   4.0 1 1 ArI	4      23690   End of SH
