	        303.19 11491.2625   11491.25   4.0 1 1 ArI	4        380 (SZ) 15000 (J) End of SZ overlap
	        441.50 11671.8908    11671.9   4.0 1 1 ArI	4       8220
	        480.45 11722.6845    11722.7   4.0 1 1 ArI	4       2170
	        652.55 11946.7877   11946.55   4.0 1 0 ArI	4       1580   Blended at MR, ArI 11947.14
	        716.47 12029.9083   12029.94   4.0 1 1 ArI	4       1123
	        782.46 12115.6747   12115.64   4.0 1 1 ArI	4      17600
	        803.55 12143.0724   12143.06   4.0 1 1 ArI	4      11310
	        960.44 12346.7879   12346.77   4.0 1 1 ArI	4        120
	       1006.23 12406.2076   12406.22   4.0 1 1 ArI	4      12406
	       1034.37 12442.7201   12442.73   4.0 1 1 ArI	4      57730
	       1071.67 12491.1244   12491.08   4.0 1 1 ArI	4      12490
	       1261.04 12736.8517    12736.9   4.0 1 1 ArI	4       5500
	       1314.51  12806.251   12806.24   4.0 1 1 ArI	4      18230
	       1433.03 12960.1437    12960.2   4.0 1 1 ArI	4      67320
	       1472.81 13011.8204   13011.82   4.0 1 1 ArI	4      15880
	       1631.11 13217.6367   13217.61   4.0 1 1 ArI	4      27410
	       1676.18 13276.3052   13276.27   4.0 1 1 ArI	4      39640
	       1707.33 13316.8727   13316.85   4.0 1 1 ArI	4      29210
	       1748.69 13370.7466   13370.77   4.0 1 1 ArI	4      61870
	       1779.02 13410.2853   13410.26   4.0 1 1 ArI	4       5230
	       1853.80 13507.8428   13507.88   4.0 1 1 ArI	4      91140
	       1944.55 13626.3807   13626.38   4.0 1 1 ArI	4      25460
