	        144.98 19822.9663   19822.91   4.0 1 1 ArI	4        3340
	        212.80 19971.0377   19971.18   4.0 1 1 ArI	4       3900
	        374.23  20322.705   20322.56   4.0 1 1 ArI	4       1990
	        490.05 20574.4194   20574.43   4.0 1 1 ArI	4        450
	        511.85 20621.7492   20621.86   4.0 1 1 ArI	4      31650
	        566.08  20739.427   20739.22   4.0 1 1 ArI	4       1200   Blended with 20740.10
	        601.72 20816.7204   20816.72   4.0 1 1 ArI	4        820
	        682.46 20991.7052   20991.84   4.0 1 1 ArI	4      22440
	        842.73 21338.6472   21338.71   4.0 1 1 ArI	4       2500
	        935.86 21540.0607   21540.09   4.0 1 1 ArI	4      10150
	       1169.77 22045.6099   22045.58   4.0 1 1 ArI	4       3500
	       1187.21 22083.2952   22083.21   4.0 1 1 ArI	4      12942
	       1675.57 23139.4741   23139.52   4.0 1 1 ArI	4      11910
	       2003.62 23851.5527   23851.54   4.0 1 1 ArI	4      10480
