   9413.330 9 
   9414.900 6 
   9427.966 4800 
   9435.596 66 
   9446.400 3 
   9447.850 4 
   9456.600 1 
   9461.806 2800 
   9489.285 5000 
   9509.200 4 
   9511.000 7 
   9536.779 6100 
   9550.024 2800 
   9576.628 2 
   9644.800 1 
   9668.071 18000 
   9727.500 1 
   9790.800 3 
   9826.147 3 
   9840.204 13* 
   9840.204 13* 
   9900.010 4 
   9901.770 3* 
   9901.770 3* 
   9903.309 30S* 
   9903.309 30S* 
   9905.052 25S 
   9917.914 13 
   9921.321 6* 
   9921.321 6* 
   9939.577 10 
   9941.077 16 
   9946.866 9 
   9947.785 4* 
   9947.785 4* 
   9950.788 9 
   9966.337 7 
   9976.900 3 
  10008.343 13 
  10010.129 20 
  10011.429 5 
  10039.900 3 
  10041.700 3 
  10213.634 2 
  10227.461 4 
  10248.521 16 
  10298.238 420 
  10435.450 13* 
  10435.450 13* 
  10565.303 8000 
  10623.574 780 
  10676.794 19 
  10693.386 55* 
  10693.386 55* 
  10761.151 15 
  10763.218 14* 
  10763.218 14* 
  10766.972 150 
  10769.036 110 
  10783.484 69 
  10789.241 16* 
  10789.241 16* 
  10793.818 2 
  10801.001 6100 
  10809.318 54 
  10811.089 74 
  10817.717 40 
  10822.783 92 
  10841.187 37 
  10847.448 9400 
  10889.259 58 
  10891.374 85 
  10894.134 25 
  11023.898 78 
  11047.025 64 
  11052.748 200 
  11063.837 29 
  11123.323 73 
  11137.559 49 
  11141.483 55 
  11146.072 26000 
  11163.270 270 
  11180.585 49000 
  11296.057 65 
  11301.535 46 
  11306.983 140 
  11307.641 100 
  11332.728 41 
  11336.791 37 
  11369.784 110 
  11393.552 15000 
  11412.257 8800 
  11525.900 33000 
  11528.175 17000 
  11539.503 9100 
  11604.713 2600 
  11617.260 13000 
  11691.202 2800 
  11770.014 15000 
  11792.271 13000 
  11793.117 3200 
  11983.060 20 
  11988.194 7400 
  11999.852 18 
  12001.097 5 
  12069.636 23000 
  12392.373 3 
  12412.164 4 
  12433.906 18 
  12456.776 75 
  12462.799 4300 
  12467.526 160 
  12476.881 23* 
  12476.881 23* 
  12490.148 450* 
  12490.148 450* 
  12523.660 21 
  12541.172 15 
  12563.198 48 
  12574.445 130 
  12577.263 96* 
  12577.263 96* 
  12580.790 8 
  12583.586 6 
  12588.045 1200 
  12590.869 850 
  12598.451 1600 
  12604.225 32 
  12604.740 13 
  12606.766 18 
  12607.626 550 
  12621.121 150 
  12634.480 6 
  12643.775 500 
  12646.198 710 
  12654.443 330 
  12661.809 470 
  12668.071 98* 
  12668.071 98* 
  12687.003 300 
  12692.674 6500 
  12722.276 23 
  12730.267 11 
  12749.713 540 
  12752.612 710 
  12756.211 120* 
  12756.211 120* 
  12759.140 170 
  12763.440 37 
  12770.074 6* 
  12770.074 6* 
  12773.018 1600 
  12780.147 16 
  12856.550 5 
  12867.610 7 
  12868.249 11 
  12890.688 14 
  12915.546 8400 
  12983.624 25 
  13058.359 12 
  13062.387 6 
  13099.978 6 
  13129.761 6 
  13131.271 12 
  13149.041 5 
  13222.858 4500 
  13254.823 8 
  13300.183 6 
  13343.362 10 
  13392.952 7 
  13530.772 5 
  13588.803 5 
  13742.491 4 
  13870.096 9 
  13911.976 5 
  13974.792 3 
  14016.752 4 
  14019.732 6 
  14046.946 9 
  14077.958 5 
  14287.508 7 
  14304.743 130 
  14346.081 120 
  14357.273 51 
  14388.045 5 
  14503.885 18 
  14933.886 110 
  14935.264 7 
  14974.865 15 
  14988.949 22 
  14990.415 530 
  15063.105 19 
  15078.288 140 
  15079.163 48 
  15088.034 4 
  15089.433 94 
  15110.582 13 
  15129.862 5 
  15144.236 350 
  15176.111 6 
  15178.458 32 
  15180.482 4 
  15193.875 63 
  15194.763 99 
  15195.083 270 
  15196.788 48 
  15234.877 5300 
  15352.384 160 
  15374.279 74 
  15394.233 17 
  15411.803 250 
  15413.269 6 
  15435.339 4 
  15455.085 11 
  15455.451 110 
  15470.453 25 
  15503.719 23 
  15505.133 13 
  15608.478 65 
  15765.356 4 
  15806.965 4 
  15816.501 7 
  16027.147 130 
  16049.882 5 
  16102.884 47 
  16257.112 5 
  16268.035 7 
  16268.691 44 
  16272.797 8 
  16273.400 63 
  16351.389 40 
  16409.737 150 
  16428.149 15 
  16473.492 19 
  16479.254 81 
  16532.602 34 
  16596.041 34 
  16611.556 30 
  16613.976 89 
  16638.593 35 
  16671.664 16 
  16793.378 54 
  16866.255 37 
  16914.677 11 
  16988.613 67 
  17116.810 5 
  17166.622 1800 
  17238.892 7 
  17298.963 7 
  17315.238 4 
  17966.073 13 
  18034.571 160 
  18040.737 1900 
  18088.119 4500 
  18088.201 910 
  18215.279 250 
  18226.062 1600 
  18231.993 1300 
  18252.431 87 
  18258.304 64 
  18281.632 14000 
  18287.606 10000 
  18308.966 6800 
  18364.108 1900 
  18376.458 9 
  18389.006 360 
  18389.846 6400 
  18394.189 480 
  18394.958 8600 
  18407.861 3900 
  18427.432 6300 
  18428.231 26 
  18463.681 1300* 
  18463.681 1300* 
  18480.845 4100 
  18596.617 6900 
  18602.776 9500 
  18623.992 1600 
  18630.245 2000 
  18660.699 9 
  18681.179 87 
  18684.550 14 
  18687.339 130 
  18903.986 30 
  18942.723 150 
  18949.817 6 
  19116.409 5 
  19579.094 260 
  19582.455 790 
  19777.860 32 
  19882.735 5 
  20140.224 1 
  20355.771 630 
  20359.404 43 
  20372.201 2 
  20417.199 8 
  20421.587 37 
  20425.447 3 
  20854.446 11 
  20901.599 7 
  20910.236 29 
  20966.936 2 
  21014.614 11 
  21019.261 8 
  21023.342 3 
  21047.013 2700 
  21191.366 4 
  21225.899 11* 
  21225.899 11* 
  21331.283 26 
  21336.274 20 
  21374.550 15 
  21392.749 10* 
  21392.749 10* 
  21396.970 15 
  21401.796 12 
  21420.939 30 
  21427.883 46 
  21457.276 13 
  21464.337 17 
  21504.710 20 
  21509.615 90 
  21534.557 8 
  21539.340 18 
  21569.002 20* 
  21569.002 20* 
  21582.413 34 
  21585.760 32 
  21602.349 36* 
  21602.349 36* 
  21626.639 15* 
  21626.639 15* 
  21627.560 12* 
  21627.560 12* 
  21638.469 23* 
  21638.469 23* 
  21645.598 3* 
  21645.598 3* 
  21645.598 3* 
  21645.598 3* 
  21659.251 15 
  21673.267 23* 
  21673.267 23* 
  21674.670 6 
  21714.039 2900 
  22177.292 78 
  22253.432 1300 
  22434.265 1300 
  22472.920 540 
  22536.528 8500 
  22667.971 1300 
  22693.959 210 
  23106.784 2500 
  23266.619 3800 
  23379.343 5000 
  23571.764 3400 
  23642.934 17000 
  23708.130 1200 
  23714.099 74 
  23715.599 5900 
  23918.541 170 
  23957.931 11000 
  23961.150 45 
  23962.964 4600 
  23978.372 220 
  23984.701 6000 
  24093.528 200 
  24098.982 46 
  24105.148 1100 
  24156.486 210 
  24162.547 12 
  24168.025 2000 
  24225.535 140 
  24256.224 2800 
  24293.066 12 
  24316.420 38 
  24371.661 7400 
  24376.330 18 
  24378.260 3800 
  24390.011 360 
  24395.228 37 
  24454.531 1900 
  24459.078 12 
  24459.775 240 
  24466.068 3300 
  24471.606 370 
  24482.800 7 
