	        306.65 9579.76503      INDEF   4.0 1 1 
	        380.81 9660.45895    9660.43   4.0 1 1 ArI	1      35900 (Z) 11440 (SZ) Overlap b/n Z-SZ
	        497.38 9787.12636    9787.18   4.0 1 1 ArI	1      12340
	        744.27 10054.8431   10054.81   4.0 1 1 ArI	1        300
	       1130.57 10472.8727   10472.92   4.0 1 1 ArI	1      47810
	       1138.03 10480.9334    10480.9   4.0 1 1 ArI	1         --    Blended at LR
	       1318.74 10676.4314   10676.49   4.0 1 1 ArI	1      11160
	       1326.43 10684.7539    10684.7   4.0 1 1 ArI	1         --    Blended at LR
	       1344.15   10703.93    10703.9   4.0 1 1 Ar	3        130
	       1510.37 10883.9098   10883.94   4.0 1 1 ArI 	2        490 (SZ)   130 (J)
	       1612.82 10994.9478      INDEF   4.0 1 1 
	       1692.98 11081.9104    11081.9   4.0 1 1 ArI	1        930 (SZ)  1090 (J)
	       1866.37  11270.307      INDEF   4.0 1 1 
